Bank Account,Date,Narrative,Debit,Credit,Balance,Categories,Serial
467179843486,15/05/2015,907300322796155 LOPEZ-SINGH ,,1032.81,-8965.18,ATM, 
467179843486,17/05/2015,837953425034825 WADE TATE AND ADKINS ,,1058.92,-10024.1,ATM, 
467179843486,19/05/2015,466370001380302 HUBBARD-STRONG ,1948.17,,-8075.93,ATM, 
467179843486,22/05/2015,817928610064414 LAWSON-TYLER ,,92.99,-8168.92,PAYMENT, 
467179843486,25/05/2015,655249878361706 BLAIR LTD ,857.06,,-7311.860000000001,POS, 
467179843486,25/05/2015,Garcia-Hughes,1134.51,,-6177.35,PAYMENT, 
467179843486,27/05/2015,Lin Holland and Alexander,,906.37,-7083.72,PAYMENT, 
467179843486,28/05/2015,Cruz Wilkinson and Warner,,1780.44,-8864.16,OTHER, 
467179843486,28/05/2015,Bennett-Lee,730.94,,-8133.219999999999,OTHER, 
467179843486,29/05/2015,451551966455985 MORAN INC ,,1808.1,-9941.32,PAYMENT, 
467179843486,01/06/2015,512273676595610 MORROW FREEMAN AND HUYNH ,,313.67,-10254.99,ATM, 
467179843486,04/06/2015,851168598192742 FRANCIS-HALL ,1623.78,,-8631.21,POS, 
467179843486,07/06/2015,682046188849664 HERNANDEZ LTD ,,1548.58,-10179.789999999999,OTHER, 
467179843486,09/06/2015,514364922915243 LINDSEY LLC ,,1659.29,-11839.079999999998,POS, 
467179843486,11/06/2015,Bennett-Lucas,,1820.01,-13659.089999999998,OTHER, 
467179843486,14/06/2015,904001881322947 DIAZ-DAVIS ,,1869.6,-15528.689999999999,ATM, 
467179843486,16/06/2015,48453110320839 MYERS-GONZALEZ ,,1786.67,-17315.36,OTHER, 
467179843486,16/06/2015,567331285703777 JONES AND SONS ,,1488.63,-18803.99,POS, 
467179843486,19/06/2015,512981547835458 CARSON-NEAL ,,140.15,-18944.140000000003,ATM, 
467179843486,21/06/2015,876271126381799 WILLIAMS STEVENSON AND HANSON ,,1969.98,-20914.120000000003,PAYMENT, 
467179843486,22/06/2015,Grant Bailey and Cox,,564.76,-21478.88,PAYMENT, 
467179843486,23/06/2015,72576962703301 JIMENEZ PLC ,,1579.1,-23057.98,ATM, 
467179843486,26/06/2015,828485786823412 BRYANT LARSON AND ALLEN ,,397.41,-23455.39,POS, 
467179843486,28/06/2015,Riddle Bowman and Nguyen,,132.05,-23587.44,PAYMENT, 
467179843486,01/07/2015,681938181871736 COFFEY SUAREZ AND COBB ,754.85,,-22832.59,OTHER, 
467179843486,04/07/2015,Davis-Nixon,448.58,,-22384.01,POS, 
467179843486,06/07/2015,315331035906345 HERMAN NICHOLS AND HEATH ,,1780.02,-24164.03,OTHER, 
467179843486,09/07/2015,2999979525416 ROACH-DANIEL ,,509.3,-24673.329999999998,PAYMENT, 
467179843486,10/07/2015,Clark Group,,285.16,-24958.489999999998,OTHER, 
467179843486,13/07/2015,120745626950702 HENDERSON AND SONS ,1642.83,,-23315.659999999996,POS, 
467179843486,14/07/2015,836039120134063 ESTRADA-ROBERTS ,,1267.58,-24583.239999999998,ATM, 
467179843486,14/07/2015,567901988844618 MCCOY HOBBS AND SCHMIDT ,1842.55,,-22740.69,ATM, 
467179843486,14/07/2015,Mccarty Group,943.43,,-21797.26,ATM, 
467179843486,14/07/2015,Moore-Christian,1914.63,,-19882.629999999997,POS, 
467179843486,15/07/2015,Jones and Sons,,128.34,-20010.969999999998,PAYMENT, 
467179843486,15/07/2015,836382329792086 FARMER-KIM ,,482.01,-20492.979999999996,ATM, 
467179843486,16/07/2015,534977084436192 MULLEN HESS AND SIMON ,1267.58,,-19225.399999999994,PAYMENT, 
467179843486,18/07/2015,Scott Morrison and Crawford,1863.39,,-17362.009999999995,OTHER, 
467179843486,20/07/2015,Johnson Foster and Estrada,1091.02,,-16270.989999999994,PAYMENT, 
467179843486,20/07/2015,731973194873663 WATSON BUCKLEY AND CAMPBELL ,,1895.31,-18166.299999999996,OTHER, 
467179843486,21/07/2015,Green Group,1860.82,,-16305.479999999996,POS, 
467179843486,22/07/2015,316625713252961 YOUNG-KENNEDY ,,105.32,-16410.799999999996,ATM, 
467179843486,24/07/2015,59147178472154 IRWIN QUINN AND BAKER ,256.49,,-16154.309999999996,PAYMENT, 
467179843486,24/07/2015,479024806898821 ZIMMERMAN WOODARD AND GREEN ,143.86,,-16010.449999999995,ATM, 
467179843486,25/07/2015,999477792191837 MILLS-RODRIGUEZ ,,1605.26,-17615.709999999995,OTHER, 
467179843486,26/07/2015,236195344680042 HAMILTON GROUP ,1107.84,,-16507.869999999995,PAYMENT, 
467179843486,26/07/2015,379880960621503 JACKSON LLC ,,214.45,-16722.319999999996,OTHER, 
467179843486,27/07/2015,Ruiz-Houston,,1920.88,-18643.199999999997,ATM, 
467179843486,27/07/2015,Stanley-Ballard,,1202.91,-19846.109999999997,OTHER, 
467179843486,29/07/2015,Matthews Ltd,452.24,,-19393.869999999995,ATM, 
467179843486,31/07/2015,382506745898104 COOK JOHNSON AND MORRIS ,633.92,,-18759.949999999997,POS, 
467179843486,03/08/2015,3216618488637 MILLER SIMMONS AND NICHOLS ,1047.39,,-17712.559999999998,PAYMENT, 
467179843486,05/08/2015,170209829586583 GRAY WARREN AND ALLEN ,,1185.0,-18897.559999999998,PAYMENT, 
467179843486,05/08/2015,9126338153520 RODRIGUEZ DAVIS AND WRIGHT ,1820.29,,-17077.269999999997,PAYMENT, 
467179843486,07/08/2015,414200486934870 STANLEY AND SONS ,,493.43,-17570.699999999997,PAYMENT, 
467179843486,08/08/2015,Evans-Myers,,1162.9,-18733.6,OTHER, 
467179843486,10/08/2015,Black-Parker,,602.12,-19335.719999999998,PAYMENT, 
467179843486,10/08/2015,398958351514903 WILLIAMS CHEN AND THOMPSON ,,1041.78,-20377.499999999996,PAYMENT, 
467179843486,12/08/2015,593094688559389 MOONEY GROUP ,,686.48,-21063.979999999996,POS, 
467179843486,14/08/2015,157639349469624 VARGAS PLC ,285.92,,-20778.059999999998,POS, 
467179843486,14/08/2015,Hernandez Hayden and Odonnell,624.6,,-20153.46,ATM, 
467179843486,15/08/2015,Thompson-Flores,640.35,,-19513.11,PAYMENT, 
467179843486,15/08/2015,208047595883578 HENRY INC ,1616.78,,-17896.33,POS, 
467179843486,17/08/2015,Smith-White,1228.96,,-16667.370000000003,ATM, 
467179843486,19/08/2015,300646579755717 HARRINGTON-ARELLANO ,1365.61,,-15301.760000000002,OTHER, 
467179843486,22/08/2015,613444656939420 RUIZ AND SONS ,193.13,,-15108.630000000003,ATM, 
467179843486,25/08/2015,Torres Collins and Martinez,,990.76,-16099.390000000003,POS, 
467179843486,26/08/2015,35663171425546 JUAREZ-TRAN ,1113.21,,-14986.180000000004,OTHER, 
467179843486,27/08/2015,Rivera Ayala and Montoya,743.3,,-14242.880000000005,PAYMENT, 
467179843486,30/08/2015,730755926299861 JONES-JOHNSON ,1582.01,,-12660.870000000004,POS, 
467179843486,02/09/2015,188526469934625 CAMPBELL DAVIS AND CHOI ,,1067.14,-13728.010000000004,ATM, 
467179843486,05/09/2015,Braun LLC,,829.64,-14557.650000000003,POS, 
467179843486,08/09/2015,122026298765869 GENTRY HUNT AND REYNOLDS ,,119.47,-14677.120000000003,POS, 
467179843486,11/09/2015,886468772146107 VINCENT LLC ,1073.64,,-13603.480000000003,OTHER, 
467179843486,14/09/2015,Wilson Ltd,1352.98,,-12250.500000000004,POS, 
467179843486,14/09/2015,238727841830189 KELLY LTD ,,1603.04,-13853.540000000005,ATM, 
467179843486,16/09/2015,Jimenez Rich and Edwards,,1165.91,-15019.450000000004,ATM, 
467179843486,19/09/2015,Wilson Inc,,1597.2,-16616.650000000005,POS, 
467179843486,19/09/2015,Lynch Hahn and Gutierrez,1606.87,,-15009.780000000006,PAYMENT, 
467179843486,22/09/2015,Hawkins Dixon and Torres,1159.62,,-13850.160000000007,ATM, 
467179843486,23/09/2015,558403850023499 MOSS-LOPEZ ,,1841.59,-15691.750000000007,ATM, 
467179843486,26/09/2015,270926320383765 THOMPSON-WHITE ,,1021.35,-16713.100000000006,OTHER, 
467179843486,29/09/2015,Martinez Smith and Combs,1224.52,,-15488.580000000005,ATM, 
467179843486,02/10/2015,73537063759976 ROSE-NICHOLSON ,,582.64,-16071.220000000005,OTHER, 
467179843486,04/10/2015,Sherman Perry and Anderson,1997.77,,-14073.450000000004,PAYMENT, 
467179843486,05/10/2015,35331994749549 PARKER-MILLER ,453.19,,-13620.260000000004,OTHER, 
467179843486,07/10/2015,Key Ltd,1320.88,,-12299.380000000005,ATM, 
467179843486,09/10/2015,611750784859387 MOONEY LLC ,,921.07,-13220.450000000004,PAYMENT, 
467179843486,10/10/2015,Myers Jordan and Phillips,660.2,,-12560.250000000004,POS, 
467179843486,13/10/2015,700158008645240 MAHONEY PLC ,,1878.84,-14439.090000000004,OTHER, 
467179843486,14/10/2015,811872982623255 BARNETT ORTEGA AND MENDOZA ,,1435.52,-15874.610000000004,PAYMENT, 
467179843486,16/10/2015,835607497969657 JONES DAVIS AND BRANDT ,135.91,,-15738.700000000004,OTHER, 
467179843486,17/10/2015,243178174305689 KELLY-WILSON ,,774.38,-16513.080000000005,ATM, 
467179843486,17/10/2015,Burnett Fisher and Lamb,1881.56,,-14631.520000000006,POS, 
467179843486,17/10/2015,Valdez-Kidd,444.53,,-14186.990000000005,PAYMENT, 
467179843486,20/10/2015,392973788175748 DUARTE-FLORES ,679.46,,-13507.530000000006,ATM, 
467179843486,20/10/2015,708681305048902 SULLIVAN GAINES AND PETERS ,,622.32,-14129.850000000006,OTHER, 
467179843486,21/10/2015,Kennedy LLC,,1661.7,-15791.550000000007,POS, 
467179843486,24/10/2015,634931257736487 PETERSON COLE AND WILLIAMSON ,,317.79,-16109.340000000007,PAYMENT, 
467179843486,24/10/2015,Green Luna and Morton,,1905.72,-18015.06000000001,PAYMENT, 
467179843486,25/10/2015,Tucker-Mann,,405.32,-18420.38000000001,PAYMENT, 
467179843486,26/10/2015,15969351769708 RAMSEY-CURRY ,,1337.41,-19757.790000000008,POS, 
467179843486,27/10/2015,682335178737880 TORRES LLC ,,1953.62,-21711.410000000007,ATM, 
467179843486,30/10/2015,Reese Lewis and Kerr,549.18,,-21162.230000000007,POS, 
467179843486,31/10/2015,40496639783955 LAWRENCE LTD ,258.19,,-20904.040000000008,OTHER, 
467179843486,31/10/2015,Clayton LLC,99.58,,-20804.460000000006,OTHER, 
467179843486,01/11/2015,504610958460631 LOPEZ-ADKINS ,1049.88,,-19754.580000000005,ATM, 
467179843486,03/11/2015,780377525010325 MCCOY PLC ,222.31,,-19532.270000000004,POS, 
467179843486,05/11/2015,Johnson-Savage,473.2,,-19059.070000000003,OTHER, 
467179843486,07/11/2015,343796505375883 BROWN GALVAN AND HUGHES ,1909.02,,-17150.050000000003,ATM, 
467179843486,09/11/2015,488098190655499 JACOBS VARGAS AND DUNN ,1749.88,,-15400.170000000002,PAYMENT, 
467179843486,09/11/2015,799220953764558 COOK-ADAMS ,755.3,,-14644.870000000003,POS, 
467179843486,09/11/2015,658380973413503 CAMPBELL PIERCE AND FOLEY ,1878.37,,-12766.500000000004,PAYMENT, 
467179843486,10/11/2015,458357574788137 MORGAN-BAKER ,113.99,,-12652.510000000004,ATM, 
467179843486,13/11/2015,Gibson Inc,1931.08,,-10721.430000000004,POS, 
467179843486,13/11/2015,Miller Inc,284.87,,-10436.560000000003,OTHER, 
467179843486,16/11/2015,Waller Edwards and Gardner,,403.33,-10839.890000000003,POS, 
467179843486,17/11/2015,Bell-Blair,281.27,,-10558.620000000003,OTHER, 
467179843486,20/11/2015,Robinson-Chan,,945.13,-11503.750000000002,OTHER, 
467179843486,22/11/2015,Stewart-Porter,368.81,,-11134.940000000002,POS, 
467179843486,25/11/2015,596812409341829 HAMILTON PLC ,1110.34,,-10024.600000000002,ATM, 
467179843486,28/11/2015,Poole PLC,,498.35,-10522.950000000003,OTHER, 
467179843486,29/11/2015,Miller Adams and Stark,,220.64,-10743.590000000002,OTHER, 
467179843486,29/11/2015,126412478359443 NELSON CHAPMAN AND EVANS ,1224.91,,-9518.680000000002,ATM, 
467179843486,02/12/2015,Knight Logan and Taylor,,1729.75,-11248.430000000002,ATM, 
467179843486,03/12/2015,Anderson-Farmer,1509.37,,-9739.060000000001,ATM, 
467179843486,04/12/2015,Daniel Perry and Smith,,203.45,-9942.510000000002,POS, 
467179843486,06/12/2015,Fields Hoover and Phillips,,342.29,-10284.800000000003,OTHER, 
467179843486,09/12/2015,795038285594227 WARD-WILLIAMSON ,1094.57,,-9190.230000000003,PAYMENT, 
467179843486,12/12/2015,533934823755961 JOHNSON-PATTERSON ,,610.52,-9800.750000000004,PAYMENT, 
467179843486,12/12/2015,203161694373434 BISHOP-REED ,942.88,,-8857.870000000004,OTHER, 
467179843486,15/12/2015,515436200856373 GRAHAM LLC ,360.61,,-8497.260000000004,POS, 
467179843486,17/12/2015,647991310801016 NOLAN AGUIRRE AND HORTON ,509.66,,-7987.600000000004,PAYMENT, 
467179843486,18/12/2015,Vega PLC,,575.75,-8563.350000000004,OTHER, 
467179843486,21/12/2015,318688475657386 GUERRERO FLOYD AND HALL ,1236.42,,-7326.930000000004,PAYMENT, 
467179843486,23/12/2015,584246810154065 HOWELL INC ,1249.74,,-6077.190000000004,OTHER, 
467179843486,23/12/2015,Shea Williamson and Bell,,1284.28,-7361.470000000004,OTHER, 
467179843486,25/12/2015,Ponce Brown and Hammond,,1287.8,-8649.270000000004,POS, 
467179843486,25/12/2015,18732255332494 WHITE-RAYMOND ,0.62,,-8648.650000000003,PAYMENT, 
467179843486,28/12/2015,Wolf-Thomas,996.12,,-7652.530000000003,OTHER, 
467179843486,28/12/2015,373008690882568 ROBERTSON JONES AND HUDSON ,,391.09,-8043.6200000000035,PAYMENT, 
467179843486,30/12/2015,333089871921421 BASS INC ,577.46,,-7466.1600000000035,POS, 
467179843486,31/12/2015,Day Johnson and Patterson,,175.2,-7641.360000000003,ATM, 
467179843486,03/01/2016,863577712991625 HUGHES-SIMS ,,1101.74,-8743.100000000004,PAYMENT, 
467179843486,03/01/2016,Lawson Johnson and Dunn,556.22,,-8186.880000000004,POS, 
467179843486,03/01/2016,494485275902355 EVANS-ESCOBAR ,846.01,,-7340.8700000000035,POS, 
467179843486,03/01/2016,Wagner LLC,358.7,,-6982.170000000004,POS, 
467179843486,06/01/2016,706781039495217 THOMAS INC ,,1251.94,-8234.110000000004,PAYMENT, 
467179843486,07/01/2016,945391126090857 JENKINS RASMUSSEN AND ELLIS ,884.61,,-7349.500000000005,OTHER, 
467179843486,10/01/2016,Franco Group,1516.24,,-5833.260000000005,ATM, 
467179843486,10/01/2016,Fisher-Vargas,1688.34,,-4144.920000000005,POS, 
467179843486,11/01/2016,Williams Inc,,1044.67,-5189.590000000005,POS, 
467179843486,11/01/2016,Shaw-Brown,,670.66,-5860.250000000005,PAYMENT, 
467179843486,13/01/2016,Cobb West and Smith,,926.66,-6786.910000000004,PAYMENT, 
467179843486,15/01/2016,Saunders PLC,,1715.37,-8502.280000000004,ATM, 
467179843486,18/01/2016,962949890887500 MILLER PLC ,,326.58,-8828.860000000004,PAYMENT, 
467179843486,21/01/2016,Evans Johnson and Gray,,1780.46,-10609.320000000003,ATM, 
467179843486,23/01/2016,690627948991556 SCOTT LEONARD AND BROWN ,322.79,,-10286.530000000002,ATM, 
467179843486,25/01/2016,467500944249968 COLON INC ,1781.15,,-8505.380000000003,POS, 
467179843486,27/01/2016,266893451277240 LEE INC ,1398.26,,-7107.120000000003,POS, 
467179843486,29/01/2016,Arnold and Sons,128.71,,-6978.410000000003,POS, 
467179843486,01/02/2016,Davis Wood and Mcbride,338.89,,-6639.520000000002,OTHER, 
467179843486,02/02/2016,Burke Hansen and Dalton,,1630.44,-8269.960000000003,OTHER, 
467179843486,05/02/2016,White-Hardy,1760.5,,-6509.460000000003,ATM, 
467179843486,05/02/2016,Brown Henry and Cohen,330.86,,-6178.600000000003,POS, 
467179843486,07/02/2016,947140586918444 HENDERSON-WILSON ,,125.4,-6304.000000000003,ATM, 
467179843486,10/02/2016,Barajas-Williams,1007.94,,-5296.060000000003,POS, 
467179843486,13/02/2016,999176074917670 RICHARDSON LTD ,,90.56,-5386.6200000000035,OTHER, 
467179843486,13/02/2016,367211476376417 MONTGOMERY PRICE AND DUNN ,1440.78,,-3945.840000000004,OTHER, 
467179843486,16/02/2016,Long-Jenkins,,1637.85,-5583.690000000004,OTHER, 
467179843486,16/02/2016,598575994300100 COBB LTD ,1359.04,,-4224.650000000004,ATM, 
467179843486,18/02/2016,Hobbs Mills and Garrett,,1253.42,-5478.070000000004,POS, 
467179843486,21/02/2016,Ramirez-Vazquez,,780.47,-6258.5400000000045,PAYMENT, 
467179843486,23/02/2016,405635632747832 BLEVINS PLC ,,555.92,-6814.460000000005,PAYMENT, 
467179843486,25/02/2016,Huffman-White,1477.65,,-5336.810000000005,ATM, 
467179843486,26/02/2016,Lyons Evans and Barrett,,291.9,-5628.710000000005,ATM, 
467179843486,29/02/2016,881702188189945 HARRISON-BAKER ,691.9,,-4936.810000000005,ATM, 
467179843486,01/03/2016,797415679472863 POWELL-WATTS ,653.36,,-4283.450000000005,OTHER, 
467179843486,03/03/2016,Hurst PLC,1089.26,,-3194.190000000005,POS, 
467179843486,04/03/2016,761952792608792 RAMIREZ-BLACKWELL ,1890.66,,-1303.530000000005,OTHER, 
467179843486,04/03/2016,43721521090281 RAMIREZ-VAUGHAN ,,681.95,-1985.480000000005,POS, 
467179843486,06/03/2016,485072746842977 MORRIS POPE AND MURRAY ,490.8,,-1494.680000000005,PAYMENT, 
467179843486,07/03/2016,564018197192774 ESTRADA LLC ,,1774.0,-3268.680000000005,ATM, 
467179843486,09/03/2016,76804672739102 RAMIREZ-ANTHONY ,,137.44,-3406.120000000005,POS, 
